tokens	logprobs
['fish', 'salmon', 'trout', 'species', 'bird', 'frog', 'creature', 'vertebrate', 'plant', 'snake', 'river', 'butterfly', 'freshwater', 'rodent', 'stream', 'water', 'bug', 'lake', 'beast', 'worm', 'sport', 'shark', 'rainbow', 'dog', 'person', 'duck', 'food', 'game', 'vegetable', 'parasite']	"[-0.29688263 -3.8307962  -4.2344093  -4.3320475  -4.6064444  -4.7988415
 -5.0434027  -5.157753   -5.2811832  -5.4095297  -5.508005   -5.809622
 -5.947118   -6.057989   -6.135044   -6.1504927  -6.275957   -6.2882166
 -6.3099136  -6.3104563  -6.326372   -6.345829   -6.3684835  -6.435072
 -6.4856358  -6.5043783  -6.524232   -6.5339327  -6.5645895  -6.587085  ]"
['fish', 'salmon', 'trout', 'species', 'bird', 'frog', 'creature', 'vertebrate', 'plant', 'snake', 'river', 'butterfly', 'freshwater', 'rodent', 'stream', 'water', 'bug', 'lake', 'beast', 'worm', 'sport', 'shark', 'rainbow', 'dog', 'person', 'duck', 'food', 'game', 'vegetable', 'parasite']	"[-0.29688263 -3.8307962  -4.2344093  -4.3320475  -4.6064444  -4.7988415
 -5.0434027  -5.157753   -5.2811832  -5.4095297  -5.508005   -5.809622
 -5.947118   -6.057989   -6.135044   -6.1504927  -6.275957   -6.2882166
 -6.3099136  -6.3104563  -6.326372   -6.345829   -6.3684835  -6.435072
 -6.4856358  -6.5043783  -6.524232   -6.5339327  -6.5645895  -6.587085  ]"
['fish', 'salmon', 'snake', 'bird', 'person', 'trout', 'dog', 'whale', 'tree', 'plant', 'man', 'frog', 'species', 'duck', 'river', 'horse', 'sheep', 'human', 'bear', 'chicken', 'pig', 'baby', 'rainbow', 'game', 'cat', 'monster', 'shark', 'thing', 'sport', 'vegetable']	"[-1.8776417 -3.988783  -4.082901  -4.1252937 -4.2129574 -4.2780094
 -4.3549614 -4.6056986 -4.615094  -4.747448  -4.8675337 -4.8724575
 -4.8886385 -4.8994045 -4.9033966 -4.9172506 -4.9193144 -4.9217253
 -5.0387087 -5.123315  -5.123914  -5.125742  -5.1418467 -5.246065
 -5.2537766 -5.281863  -5.430832  -5.4396267 -5.445098  -5.4534893]"
['fish', 'salmon', 'snake', 'bird', 'person', 'trout', 'dog', 'whale', 'tree', 'plant', 'man', 'frog', 'species', 'duck', 'river', 'horse', 'sheep', 'human', 'bear', 'chicken', 'pig', 'baby', 'rainbow', 'game', 'cat', 'monster', 'shark', 'thing', 'sport', 'vegetable']	"[-1.8776417 -3.988783  -4.082901  -4.1252937 -4.2129574 -4.2780094
 -4.3549614 -4.6056986 -4.615094  -4.747448  -4.8675337 -4.8724575
 -4.8886385 -4.8994045 -4.9033966 -4.9172506 -4.9193144 -4.9217253
 -5.0387087 -5.123315  -5.123914  -5.125742  -5.1418467 -5.246065
 -5.2537766 -5.281863  -5.430832  -5.4396267 -5.445098  -5.4534893]"
['fish', 'salmon', 'species', 'whale', 'creature', 'bird', 'vertebrate', 'food', 'trout', 'seafood', 'dog', 'plant', 'fruit', 'Fish', 'pet', 'frog', 'cat', 'shark', 'river', 'meat', 'tree', 'person', 'vegetable', 'catch', 'rodent', 'seal', 'male', 'bacterium', 'female', 'beast']	"[-0.19055939 -4.128849   -4.322051   -4.8409367  -4.98929    -5.0480814
 -5.3677588  -5.3996944  -5.5346203  -5.719718   -5.86436    -6.023508
 -6.059185   -6.2914286  -6.306265   -6.4170723  -6.450901   -6.5648394
 -6.5673666  -6.595045   -6.624507   -6.6335487  -6.6751757  -6.740425
 -6.8282614  -6.855053   -6.8666964  -6.915141   -6.925186   -6.9366713 ]"
['fish', 'salmon', 'species', 'whale', 'creature', 'bird', 'vertebrate', 'food', 'trout', 'seafood', 'dog', 'plant', 'fruit', 'Fish', 'pet', 'frog', 'cat', 'shark', 'river', 'meat', 'tree', 'person', 'vegetable', 'catch', 'rodent', 'seal', 'male', 'bacterium', 'female', 'beast']	"[-0.19055939 -4.128849   -4.322051   -4.8409367  -4.98929    -5.0480814
 -5.3677588  -5.3996944  -5.5346203  -5.719718   -5.86436    -6.023508
 -6.059185   -6.2914286  -6.306265   -6.4170723  -6.450901   -6.5648394
 -6.5673666  -6.595045   -6.624507   -6.6335487  -6.6751757  -6.740425
 -6.8282614  -6.855053   -6.8666964  -6.915141   -6.925186   -6.9366713 ]"
['fish', 'whale', 'dog', 'bird', 'salmon', 'person', 'chicken', 'tree', 'cat', 'trout', 'snake', 'vegetable', 'plant', 'sandwich', 'horse', 'pig', 'duck', 'human', 'species', 'baby', 'fruit', 'shark', 'sheep', 'frog', 'man', 'turtle', 'bear', 'cow', 'pet', 'woman']	"[-1.6665554 -3.5964422 -3.6480274 -4.1206284 -4.2036133 -4.3099003
 -4.313429  -4.4736595 -4.5102262 -4.5749407 -4.6314154 -4.744194
 -4.7871685 -4.845908  -4.848282  -4.910301  -4.9246445 -4.9828386
 -5.002018  -5.0090475 -5.0159883 -5.0752172 -5.0829115 -5.0904903
 -5.158107  -5.2406044 -5.2808933 -5.3300476 -5.4074717 -5.419033 ]"
['fish', 'whale', 'dog', 'bird', 'salmon', 'person', 'chicken', 'tree', 'cat', 'trout', 'snake', 'vegetable', 'plant', 'sandwich', 'horse', 'pig', 'duck', 'human', 'species', 'baby', 'fruit', 'shark', 'sheep', 'frog', 'man', 'turtle', 'bear', 'cow', 'pet', 'woman']	"[-1.6665554 -3.5964422 -3.6480274 -4.1206284 -4.2036133 -4.3099003
 -4.313429  -4.4736595 -4.5102262 -4.5749407 -4.6314154 -4.744194
 -4.7871685 -4.845908  -4.848282  -4.910301  -4.9246445 -4.9828386
 -5.002018  -5.0090475 -5.0159883 -5.0752172 -5.0829115 -5.0904903
 -5.158107  -5.2406044 -5.2808933 -5.3300476 -5.4074717 -5.419033 ]"
['ant', 'insect', 'animal', 'organism', 'elephant', 'object', 'example', 'individual', 'alien', 'adult', 'entity', 'idiot', 'exception', 'enemy', 'apple', 'answer', 'anomaly', 'orange', 'enzyme', 'organization', 'atheist', 'idea', 'asshole', 'ass', 'atom', 'Ant', 'abstraction', 'organ', 'intelligence', 'orphan']	"[-1.2276058 -1.642189  -2.3220453 -3.30655   -4.102248  -4.131091
 -4.1642475 -4.314621  -4.741679  -4.772086  -4.9810867 -5.0074625
 -5.0938416 -5.171007  -5.1964273 -5.207652  -5.4313316 -5.4627485
 -5.4812145 -5.4813766 -5.535576  -5.692094  -5.7532864 -5.7552795
 -5.7678766 -5.808429  -5.911187  -5.9378204 -5.975029  -5.997714 ]"
['parasite', 'plant', 'bug', 'fungus', 'creature', 'bee', 'species', 'worm', 'person', 'bird', 'butterfly', 'pest', 'flower', 'thing', 'noun', 'vegetarian', 'friend', 'virus', 'bacterium', 'tree', 'predator', 'monster', 'drone', 'spider', 'vegetable', 'machine', 'life', 'robot', 'beast', 'human']	"[-2.6278667 -3.1574097 -3.218175  -3.4274702 -4.1719074 -4.1723795
 -4.218314  -4.391324  -4.3960133 -4.413437  -4.4223557 -4.4261255
 -4.4825    -4.4935827 -4.5005817 -4.653858  -4.693922  -4.7477646
 -4.7716913 -4.7742605 -4.86257   -4.865226  -4.918831  -4.9852934
 -5.1578264 -5.165037  -5.1880074 -5.2391834 -5.2528076 -5.284157 ]"
['person', 'man', 'tree', 'human', 'woman', 'bee', 'child', 'plant', 'chicken', 'baby', 'bird', 'friend', 'flower', 'king', 'computer', 'god', 'bug', 'car', 'butterfly', 'sheep', 'thing', 'noun', 'rock', 'dog', 'snake', 'machine', 'queen', 'girl', 'parasite', 'fly']	"[-2.476901  -3.0735006 -3.5465202 -3.5667706 -4.0573626 -4.369091
 -4.4050665 -4.480938  -4.4840918 -4.4931726 -4.523266  -4.6294746
 -4.707795  -4.721246  -4.753442  -4.8028183 -5.007039  -5.021741
 -5.029337  -5.0377254 -5.082711  -5.150319  -5.2063665 -5.2074347
 -5.216878  -5.2403297 -5.28601   -5.330288  -5.353303  -5.3696537]"
['elephant', 'ant', 'apple', 'animal', 'insect', 'idiot', 'individual', 'ass', 'object', 'egg', 'asshole', 'adult', 'orange', 'eye', 'equal', 'island', 'answer', 'enemy', 'onion', 'American', 'army', 'argument', 'atom', 'organism', 'ox', 'angel', 'idea', 'opinion', 'umbrella', 'automobile']	"[-2.2175713 -2.4244423 -2.6298838 -3.1284046 -3.3652172 -3.6502476
 -3.7620869 -4.1014233 -4.2011995 -4.208229  -4.3282614 -4.340539
 -4.3622446 -4.373392  -4.374934  -4.513071  -4.5582314 -4.6830664
 -4.7278557 -4.735799  -4.75916   -4.8459606 -4.857131  -4.920643
 -4.9542484 -4.9574385 -4.96385   -5.025591  -5.2170763 -5.2336054]"
['insect', 'animal', 'ant', 'organism', 'example', 'individual', 'angel', 'adult', 'alien', 'entity', 'object', 'organization', 'antioxidant', 'elephant', 'airplane', 'orange', 'enzyme', 'intelligence', 'image', 'apple', 'organ', 'answer', 'eagle', 'assistant', 'entrepreneur', 'artist', 'herb', 'employee', 'engineer', 'order']	"[-0.34627914 -2.580759   -3.0493526  -3.666708   -4.771784   -5.067766
 -5.3972197  -5.5038004  -5.574279   -5.637348   -5.71212    -5.7325363
 -5.857273   -5.9297924  -5.9821825  -6.0920362  -6.2004137  -6.4048367
 -6.437066   -6.5566263  -6.6421022  -6.6726913  -6.6820307  -6.750169
 -6.7975864  -6.853737   -6.8707075  -6.8798285  -6.911975   -6.9902267 ]"
['bee', 'butterfly', 'plant', 'flower', 'bird', 'drone', 'creature', 'parasite', 'bug', 'queen', 'noun', 'thing', 'worker', 'friend', 'machine', 'person', 'woman', 'female', 'predator', 'god', 'fruit', 'mosquito', 'vegetarian', 'sting', 'insect', 'pest', 'beast', 'fungus', 'servant', 'monster']	"[-2.2513866 -2.8675833 -3.1604538 -3.185382  -3.2328882 -4.083026
 -4.084899  -4.1027803 -4.166298  -4.1871815 -4.37399   -4.3882
 -4.448209  -4.4748306 -4.5340853 -4.591216  -4.670762  -4.6953287
 -4.7426376 -4.910325  -5.0788326 -5.135126  -5.185961  -5.2294188
 -5.23059   -5.2473173 -5.2946997 -5.3335047 -5.371768  -5.3947306]"
['person', 'flower', 'bird', 'plant', 'man', 'butterfly', 'woman', 'bee', 'human', 'machine', 'computer', 'tree', 'thing', 'god', 'bug', 'mosquito', 'friend', 'chicken', 'noun', 'queen', 'monkey', 'fruit', 'drone', 'robot', 'baby', 'tool', 'snake', 'weed', 'fly', 'servant']	"[-3.0428524 -3.140482  -3.2143755 -3.645525  -3.7557507 -3.7579107
 -3.7940817 -4.119281  -4.149066  -4.305443  -4.4401627 -4.4641876
 -4.474764  -4.5788155 -4.603322  -4.648714  -4.676712  -4.7323256
 -4.7663536 -4.8289757 -4.8340855 -4.965288  -4.9663153 -5.0587397
 -5.0874653 -5.1482954 -5.23242   -5.254754  -5.2564926 -5.262662 ]"
['insect', 'animal', 'ant', 'elephant', 'apple', 'angel', 'organism', 'orange', 'object', 'airplane', 'adult', 'egg', 'idiot', 'enemy', 'alien', 'island', 'individual', 'ass', 'asshole', 'equal', 'organ', 'entity', 'aircraft', 'employee', 'eagle', 'ox', 'ornament', 'eye', 'option', 'organization']	"[-1.5230675 -1.9816818 -2.311386  -2.3998146 -3.361885  -3.8185272
 -4.141432  -4.1797533 -4.1951694 -4.195862  -4.307746  -4.3384266
 -4.4125614 -4.5912943 -4.7667713 -4.8032627 -4.8689175 -4.9637146
 -5.0082445 -5.261442  -5.2692947 -5.2694454 -5.4482956 -5.483241
 -5.60732   -5.65055   -5.659581  -5.6755247 -5.7133093 -5.7578735]"
['bird', 'rodent', 'butterfly', 'species', 'turkey', 'duck', 'song', 'Bird', 'dog', 'creature', 'moth', 'dove', 'crow', 'cardinal', 'female', 'bat', 'chicken', 'hen', 'Robin', 'predator', 'goose', 'male', 'cat', 'pig', 'fish', 'tree', 'fox', 'rabbit', 'chick', 'breed']	"[-0.14392471 -4.556135   -5.279351   -5.363494   -5.5221567  -5.836753
 -5.838772   -5.9478703  -6.0087976  -6.115904   -6.151576   -6.153145
 -6.220701   -6.234067   -6.245557   -6.246999   -6.302      -6.307906
 -6.336788   -6.46507    -6.4696617  -6.5029573  -6.5101595  -6.512641
 -6.573016   -6.656643   -6.751302   -6.773679   -6.784524   -6.9671774 ]"
['bird', 'rodent', 'butterfly', 'species', 'turkey', 'duck', 'song', 'Bird', 'dog', 'creature', 'moth', 'dove', 'crow', 'cardinal', 'female', 'bat', 'chicken', 'hen', 'Robin', 'predator', 'goose', 'male', 'cat', 'pig', 'fish', 'tree', 'fox', 'rabbit', 'chick', 'breed']	"[-0.14392471 -4.556135   -5.279351   -5.363494   -5.5221567  -5.836753
 -5.838772   -5.9478703  -6.0087976  -6.115904   -6.151576   -6.153145
 -6.220701   -6.234067   -6.245557   -6.246999   -6.302      -6.307906
 -6.336788   -6.46507    -6.4696617  -6.5029573  -6.5101595  -6.512641
 -6.573016   -6.656643   -6.751302   -6.773679   -6.784524   -6.9671774 ]"
['bird', 'chicken', 'dog', 'turkey', 'duck', 'rodent', 'goose', 'hen', 'cat', 'person', 'tree', 'rabbit', 'sheep', 'human', 'fish', 'rat', 'fox', 'cardinal', 'mouse', 'bear', 'butterfly', 'pig', 'robot', 'dove', 'man', 'star', 'snake', 'friend', 'word', 'thief']	"[-1.4501    -3.5770445 -3.8320742 -4.1394215 -4.1497316 -4.20837
 -4.2558556 -4.3283806 -4.5192194 -4.525961  -4.597907  -4.7530336
 -4.831746  -4.861285  -4.8801947 -4.935463  -5.005821  -5.0253334
 -5.047694  -5.0675125 -5.0892544 -5.1293106 -5.1307592 -5.162903
 -5.275571  -5.338729  -5.353651  -5.3704967 -5.3803434 -5.4262867]"
['bird', 'chicken', 'dog', 'turkey', 'duck', 'rodent', 'goose', 'hen', 'cat', 'person', 'tree', 'rabbit', 'sheep', 'human', 'fish', 'rat', 'fox', 'cardinal', 'mouse', 'bear', 'butterfly', 'pig', 'robot', 'dove', 'man', 'star', 'snake', 'friend', 'word', 'thief']	"[-1.4501    -3.5770445 -3.8320742 -4.1394215 -4.1497316 -4.20837
 -4.2558556 -4.3283806 -4.5192194 -4.525961  -4.597907  -4.7530336
 -4.831746  -4.861285  -4.8801947 -4.935463  -5.005821  -5.0253334
 -5.047694  -5.0675125 -5.0892544 -5.1293106 -5.1307592 -5.162903
 -5.275571  -5.338729  -5.353651  -5.3704967 -5.3803434 -5.4262867]"
['bird', 'butterfly', 'rodent', 'plant', 'species', 'tree', 'flower', 'seed', 'dove', 'song', 'chick', 'fish', 'turkey', 'Bird', 'duck', 'bug', 'noun', 'creature', 'pig', 'moth', 'male', 'female', 'fly', 'swallow', 'fruit', 'goose', 'pet', 'nut', 'dog', 'chicken']	"[-0.23621178 -4.1118765  -4.5693264  -4.5752735  -4.8439007  -4.8813677
 -5.07652    -5.1971283  -5.3807354  -5.8815327  -5.9985895  -6.027933
 -6.072116   -6.0860176  -6.131447   -6.1389523  -6.1788063  -6.2027655
 -6.207574   -6.2554417  -6.266162   -6.309619   -6.317898   -6.352233
 -6.3899164  -6.459077   -6.4847536  -6.507451   -6.532794   -6.545047  ]"
['bird', 'butterfly', 'rodent', 'plant', 'species', 'tree', 'flower', 'seed', 'dove', 'song', 'chick', 'fish', 'turkey', 'Bird', 'duck', 'bug', 'noun', 'creature', 'pig', 'moth', 'male', 'female', 'fly', 'swallow', 'fruit', 'goose', 'pet', 'nut', 'dog', 'chicken']	"[-0.23621178 -4.1118765  -4.5693264  -4.5752735  -4.8439007  -4.8813677
 -5.07652    -5.1971283  -5.3807354  -5.8815327  -5.9985895  -6.027933
 -6.072116   -6.0860176  -6.131447   -6.1389523  -6.1788063  -6.2027655
 -6.207574   -6.2554417  -6.266162   -6.309619   -6.317898   -6.352233
 -6.3899164  -6.459077   -6.4847536  -6.507451   -6.532794   -6.545047  ]"
['bird', 'tree', 'chicken', 'butterfly', 'goose', 'dove', 'flower', 'turkey', 'snake', 'duck', 'fish', 'plant', 'dog', 'nut', 'rodent', 'bug', 'mouse', 'cat', 'fly', 'person', 'human', 'hen', 'sheep', 'seed', 'rat', 'monkey', 'pig', 'baby', 'weed', 'crow']	"[-1.200386  -3.7417288 -3.8783484 -4.0898094 -4.225341  -4.2664957
 -4.2796154 -4.321643  -4.5947847 -4.6121206 -4.664871  -4.696787
 -4.7449903 -4.7649555 -4.76991   -4.8111362 -4.88958   -4.956456
 -5.0212183 -5.05548   -5.1607046 -5.224738  -5.2581053 -5.323657
 -5.4013577 -5.410553  -5.4181757 -5.437563  -5.5086536 -5.5117655]"
['bird', 'tree', 'chicken', 'butterfly', 'goose', 'dove', 'flower', 'turkey', 'snake', 'duck', 'fish', 'plant', 'dog', 'nut', 'rodent', 'bug', 'mouse', 'cat', 'fly', 'person', 'human', 'hen', 'sheep', 'seed', 'rat', 'monkey', 'pig', 'baby', 'weed', 'crow']	"[-1.200386  -3.7417288 -3.8783484 -4.0898094 -4.225341  -4.2664957
 -4.2796154 -4.321643  -4.5947847 -4.6121206 -4.664871  -4.696787
 -4.7449903 -4.7649555 -4.76991   -4.8111362 -4.88958   -4.956456
 -5.0212183 -5.05548   -5.1607046 -5.224738  -5.2581053 -5.323657
 -5.4013577 -5.410553  -5.4181757 -5.437563  -5.5086536 -5.5117655]"
['tree', 'plant', 'forest', 'fruit', 'flower', 'leaf', 'bird', 'wood', 'species', 'cherry', 'rose', 'bush', 'Tree', 'mountain', 'giant', 'maple', 'weed', 'branch', 'nut', 'rock', 'vegetable', 'verb', 'symbol', 'bear', 'green', 'friend', 'pine', 'thing', 'fossil', 'perennial']	"[-0.30536842 -2.9374695  -4.4928503  -4.6187906  -4.6559277  -5.001665
 -5.405567   -5.416874   -5.6533604  -5.8031034  -5.945097   -5.9581814
 -6.0335865  -6.0782337  -6.08175    -6.10826    -6.2409706  -6.276125
 -6.4080524  -6.492795   -6.545061   -6.586708   -6.632476   -6.6761456
 -6.7121     -6.781296   -6.8011713  -6.837673   -6.870763   -6.903549  ]"
['tree', 'plant', 'forest', 'fruit', 'flower', 'leaf', 'bird', 'wood', 'species', 'cherry', 'rose', 'bush', 'Tree', 'mountain', 'giant', 'maple', 'weed', 'branch', 'nut', 'rock', 'vegetable', 'verb', 'symbol', 'bear', 'green', 'friend', 'pine', 'thing', 'fossil', 'perennial']	"[-0.30536842 -2.9374695  -4.4928503  -4.6187906  -4.6559277  -5.001665
 -5.405567   -5.416874   -5.6533604  -5.8031034  -5.945097   -5.9581814
 -6.0335865  -6.0782337  -6.08175    -6.10826    -6.2409706  -6.276125
 -6.4080524  -6.492795   -6.545061   -6.586708   -6.632476   -6.6761456
 -6.7121     -6.781296   -6.8011713  -6.837673   -6.870763   -6.903549  ]"
['tree', 'plant', 'flower', 'weed', 'snake', 'fruit', 'bird', 'forest', 'cherry', 'leaf', 'rose', 'bear', 'mountain', 'dog', 'house', 'monkey', 'bush', 'potato', 'man', 'branch', 'horse', 'nut', 'vegetable', 'banana', 'woman', 'verb', 'deer', 'rock', 'car', 'person']	"[-1.0198517 -3.4930859 -4.06404   -4.516591  -4.557351  -4.590029
 -4.684801  -4.7014446 -4.7869425 -4.894329  -4.912527  -4.9655666
 -5.023328  -5.1478395 -5.2258873 -5.2326    -5.314455  -5.3347406
 -5.338273  -5.3799963 -5.3934546 -5.4252663 -5.46554   -5.467493
 -5.479183  -5.5537825 -5.559491  -5.745391  -5.7867584 -5.87418  ]"
['tree', 'plant', 'flower', 'weed', 'snake', 'fruit', 'bird', 'forest', 'cherry', 'leaf', 'rose', 'bear', 'mountain', 'dog', 'house', 'monkey', 'bush', 'potato', 'man', 'branch', 'horse', 'nut', 'vegetable', 'banana', 'woman', 'verb', 'deer', 'rock', 'car', 'person']	"[-1.0198517 -3.4930859 -4.06404   -4.516591  -4.557351  -4.590029
 -4.684801  -4.7014446 -4.7869425 -4.894329  -4.912527  -4.9655666
 -5.023328  -5.1478395 -5.2258873 -5.2326    -5.314455  -5.3347406
 -5.338273  -5.3799963 -5.3934546 -5.4252663 -5.46554   -5.467493
 -5.479183  -5.5537825 -5.559491  -5.745391  -5.7867584 -5.87418  ]"
['tree', 'plant', 'pine', 'fruit', 'forest', 'flower', 'bird', 'species', 'wood', 'fungus', 'nut', 'mushroom', 'leaf', 'thing', 'Tree', 'weed', 'fossil', 'rock', 'branch', 'vegetable', 'mountain', 'seed', 'cone', 'noun', 'stick', 'log', 'star', 'plane', 'bud', 'perennial']	"[-0.4532566 -2.2746716 -3.4558258 -4.797332  -4.828039  -4.913969
 -4.946556  -5.0686245 -5.256031  -5.520406  -5.5777416 -5.680934
 -5.6892395 -5.815012  -5.835902  -5.8678865 -5.8903065 -5.8938084
 -6.0178957 -6.037017  -6.0905647 -6.112894  -6.297021  -6.3408413
 -6.400976  -6.427827  -6.513652  -6.524763  -6.5283813 -6.5849075]"
['tree', 'plant', 'pine', 'fruit', 'forest', 'flower', 'bird', 'species', 'wood', 'fungus', 'nut', 'mushroom', 'leaf', 'thing', 'Tree', 'weed', 'fossil', 'rock', 'branch', 'vegetable', 'mountain', 'seed', 'cone', 'noun', 'stick', 'log', 'star', 'plane', 'bud', 'perennial']	"[-0.4532566 -2.2746716 -3.4558258 -4.797332  -4.828039  -4.913969
 -4.946556  -5.0686245 -5.256031  -5.520406  -5.5777416 -5.680934
 -5.6892395 -5.815012  -5.835902  -5.8678865 -5.8903065 -5.8938084
 -6.0178957 -6.037017  -6.0905647 -6.112894  -6.297021  -6.3408413
 -6.400976  -6.427827  -6.513652  -6.524763  -6.5283813 -6.5849075]"
['tree', 'plant', 'pine', 'bird', 'flower', 'nut', 'mountain', 'forest', 'snake', 'weed', 'person', 'fruit', 'rock', 'monkey', 'bear', 'banana', 'woman', 'branch', 'vegetable', 'house', 'thing', 'mushroom', 'leaf', 'species', 'rose', 'man', 'log', 'bug', 'plane', 'bush']	"[-1.0946407 -3.251585  -4.367489  -4.3792067 -4.4423857 -4.6231947
 -4.65994   -4.7334604 -4.7452517 -4.8073826 -4.834587  -4.9783955
 -5.004635  -5.1116114 -5.2364845 -5.338539  -5.358659  -5.413721
 -5.4506397 -5.4729347 -5.4902344 -5.5611734 -5.585802  -5.615821
 -5.6239567 -5.7684555 -5.7801924 -5.783533  -5.838622  -5.844285 ]"
['tree', 'plant', 'pine', 'bird', 'flower', 'nut', 'mountain', 'forest', 'snake', 'weed', 'person', 'fruit', 'rock', 'monkey', 'bear', 'banana', 'woman', 'branch', 'vegetable', 'house', 'thing', 'mushroom', 'leaf', 'species', 'rose', 'man', 'log', 'bug', 'plane', 'bush']	"[-1.0946407 -3.251585  -4.367489  -4.3792067 -4.4423857 -4.6231947
 -4.65994   -4.7334604 -4.7452517 -4.8073826 -4.834587  -4.9783955
 -5.004635  -5.1116114 -5.2364845 -5.338539  -5.358659  -5.413721
 -5.4506397 -5.4729347 -5.4902344 -5.5611734 -5.585802  -5.615821
 -5.6239567 -5.7684555 -5.7801924 -5.783533  -5.838622  -5.844285 ]"
['flower', 'rose', 'plant', 'verb', 'tree', 'thing', 'woman', 'gift', 'fruit', 'girl', 'symbol', 'metaphor', 'miracle', 'friend', 'color', 'cherry', 'beauty', 'fragrance', 'perfume', 'jewel', 'memory', 'choice', 'star', 'person', 'noun', 'blessing', 'poem', 'favorite', 'gem', 'surprise']	"[-1.850874  -2.128294  -3.2886906 -3.6400251 -3.7017822 -3.9469233
 -4.156889  -4.3256273 -4.39347   -4.534505  -4.6299257 -4.7342405
 -4.873603  -4.875147  -4.9093323 -4.940508  -5.0380135 -5.1453037
 -5.162654  -5.2368574 -5.295369  -5.316678  -5.3464003 -5.3593836
 -5.451953  -5.455165  -5.4908667 -5.5199203 -5.5391254 -5.5525665]"
['orange', 'apple', 'herb', 'animal', 'aroma', 'idea', 'object', 'umbrella', 'antioxidant', 'example', 'onion', 'ornament', 'icon', 'emotion', 'organ', 'odor', 'illusion', 'image', 'organism', 'edible', 'invitation', 'event', 'artifact', 'offering', 'rose', 'flower', 'aromatic', 'almond', 'opportunity', 'option']	"[-1.9742508 -2.508319  -3.1081858 -3.3124294 -3.436532  -3.5821018
 -3.6041574 -3.6201038 -3.7900286 -3.9877386 -4.1447697 -4.215863
 -4.2605934 -4.2855177 -4.398617  -4.5106506 -4.631797  -4.6512604
 -4.824851  -4.8924713 -4.939045  -4.9773254 -4.984124  -4.985154
 -4.992691  -5.0741034 -5.0905695 -5.108736  -5.1270723 -5.159107 ]"
['apple', 'orange', 'onion', 'umbrella', 'elephant', 'argument', 'object', 'egg', 'animal', 'option', 'island', 'ass', 'idea', 'asshole', 'accident', 'ornament', 'almond', 'end', 'excuse', 'apology', 'answer', 'enemy', 'angel', 'opinion', 'invitation', 'eye', 'idiot', 'obstacle', 'advertisement', 'ocean']	"[-1.3980293 -1.7479229 -3.2848053 -3.3445644 -3.464075  -4.0463295
 -4.0954    -4.162431  -4.2218285 -4.2543917 -4.339752  -4.3646793
 -4.389394  -4.441599  -4.586343  -4.764658  -4.7672176 -4.7744417
 -4.8242273 -4.8750763 -4.89643   -4.9152546 -4.9219275 -5.1385317
 -5.2348604 -5.300872  -5.326434  -5.3639517 -5.378166  -5.3810616]"
['flower', 'rose', 'tree', 'verb', 'woman', 'diamond', 'metaphor', 'plant', 'girl', 'weed', 'thing', 'person', 'cherry', 'fruit', 'tomato', 'bomb', 'baby', 'mountain', 'garden', 'contradiction', 'kiss', 'desert', 'symbol', 'bush', 'vegetable', 'drug', 'flag', 'rainbow', 'man', 'problem']	"[-2.514964  -2.7499733 -3.3492165 -3.601202  -3.9454842 -4.1858797
 -4.2100134 -4.4336147 -4.463421  -4.4725733 -4.806903  -4.844693
 -4.8910275 -4.911171  -4.948058  -5.0102386 -5.049327  -5.0822077
 -5.0862036 -5.165924  -5.185979  -5.2251577 -5.2554274 -5.258132
 -5.32253   -5.3712416 -5.382677  -5.4070015 -5.426609  -5.4410295]"
['flower', 'plant', 'weed', 'rose', 'tree', 'vegetable', 'girl', 'fruit', 'female', 'noun', 'herb', 'garden', 'grass', 'thing', 'bloom', 'bird', 'seed', 'woman', 'bud', 'butterfly', 'verb', 'Daisy', 'leaf', 'perennial', 'friend', 'color', 'surprise', 'name', 'yellow', 'pet']	"[-0.5624962 -1.7367516 -3.5735207 -3.5953083 -4.4456654 -4.9232473
 -5.199195  -5.3765926 -5.5211105 -5.5383253 -5.7642326 -5.782151
 -5.9107237 -5.923378  -5.952997  -6.0122156 -6.019393  -6.0536003
 -6.0727787 -6.1164236 -6.1560917 -6.2408695 -6.418356  -6.4847555
 -6.6891327 -6.694666  -6.7074614 -6.710767  -6.7188587 -6.7396336]"
['flower', 'plant', 'weed', 'rose', 'tree', 'vegetable', 'girl', 'fruit', 'female', 'noun', 'herb', 'garden', 'grass', 'thing', 'bloom', 'bird', 'seed', 'woman', 'bud', 'butterfly', 'verb', 'Daisy', 'leaf', 'perennial', 'friend', 'color', 'surprise', 'name', 'yellow', 'pet']	"[-0.5624962 -1.7367516 -3.5735207 -3.5953083 -4.4456654 -4.9232473
 -5.199195  -5.3765926 -5.5211105 -5.5383253 -5.7642326 -5.782151
 -5.9107237 -5.923378  -5.952997  -6.0122156 -6.019393  -6.0536003
 -6.0727787 -6.1164236 -6.1560917 -6.2408695 -6.418356  -6.4847555
 -6.6891327 -6.694666  -6.7074614 -6.710767  -6.7188587 -6.7396336]"
['flower', 'rose', 'weed', 'plant', 'tree', 'diamond', 'woman', 'dog', 'girl', 'garden', 'butterfly', 'verb', 'person', 'bee', 'disease', 'vegetable', 'noun', 'bird', 'snake', 'horse', 'cow', 'rainbow', 'friend', 'tomato', 'bomb', 'thing', 'cherry', 'cat', 'cabbage', 'star']	"[-1.5535507 -2.7368011 -2.9244137 -3.6493301 -3.712224  -4.3941116
 -4.413554  -4.4179363 -4.4831963 -4.6626205 -4.7088337 -4.7529583
 -4.822158  -4.872303  -4.9396067 -5.145895  -5.152134  -5.157732
 -5.3259897 -5.362995  -5.3859158 -5.395754  -5.522312  -5.5793543
 -5.589588  -5.5972385 -5.63511   -5.6400633 -5.643052  -5.7375774]"
['flower', 'rose', 'weed', 'plant', 'tree', 'diamond', 'woman', 'dog', 'girl', 'garden', 'butterfly', 'verb', 'person', 'bee', 'disease', 'vegetable', 'noun', 'bird', 'snake', 'horse', 'cow', 'rainbow', 'friend', 'tomato', 'bomb', 'thing', 'cherry', 'cat', 'cabbage', 'star']	"[-1.5535507 -2.7368011 -2.9244137 -3.6493301 -3.712224  -4.3941116
 -4.413554  -4.4179363 -4.4831963 -4.6626205 -4.7088337 -4.7529583
 -4.822158  -4.872303  -4.9396067 -5.145895  -5.152134  -5.157732
 -5.3259897 -5.362995  -5.3859158 -5.395754  -5.522312  -5.5793543
 -5.589588  -5.5972385 -5.63511   -5.6400633 -5.643052  -5.7375774]"
['fruit', 'plant', 'vegetable', 'carrot', 'flower', 'tree', 'food', 'potato', 'snake', 'stick', 'treat', 'weed', 'banana', 'dessert', 'thing', 'seed', 'snack', 'gift', 'cherry', 'dog', 'cake', 'bird', 'noun', 'string', 'crop', 'nut', 'fish', 'horse', 'tool', 'drug']	"[-2.2261124 -2.2883968 -2.3730526 -2.7460241 -3.2899055 -3.5182009
 -4.411319  -4.6355715 -4.70584   -4.908409  -4.9273796 -4.935961
 -4.9640274 -4.9934273 -5.07351   -5.117837  -5.141288  -5.1669083
 -5.177841  -5.297043  -5.3205853 -5.368512  -5.4290085 -5.454914
 -5.567026  -5.5840197 -5.600561  -5.605438  -5.6074886 -5.624324 ]"
['fruit', 'plant', 'vegetable', 'carrot', 'flower', 'tree', 'food', 'potato', 'snake', 'stick', 'treat', 'weed', 'banana', 'dessert', 'thing', 'seed', 'snack', 'gift', 'cherry', 'dog', 'cake', 'bird', 'noun', 'string', 'crop', 'nut', 'fish', 'horse', 'tool', 'drug']	"[-2.2261124 -2.2883968 -2.3730526 -2.7460241 -3.2899055 -3.5182009
 -4.411319  -4.6355715 -4.70584   -4.908409  -4.9273796 -4.935961
 -4.9640274 -4.9934273 -5.07351   -5.117837  -5.141288  -5.1669083
 -5.177841  -5.297043  -5.3205853 -5.368512  -5.4290085 -5.454914
 -5.567026  -5.5840197 -5.600561  -5.605438  -5.6074886 -5.624324 ]"
['tree', 'stick', 'fruit', 'snake', 'horse', 'vegetable', 'plant', 'flower', 'banana', 'dog', 'potato', 'carrot', 'weed', 'chicken', 'pumpkin', 'drug', 'salad', 'baby', 'punishment', 'fish', 'cherry', 'cabbage', 'donkey', 'pig', 'lemon', 'sandwich', 'branch', 'penis', 'cake', 'problem']	"[-2.9247484 -2.9818573 -3.2426348 -3.2841969 -3.6705837 -3.7161388
 -3.804964  -3.820735  -3.9076777 -4.0444336 -4.305047  -4.345503
 -4.5637655 -4.706397  -4.7684    -4.822175  -4.870496  -4.8841715
 -4.8994436 -4.900092  -4.925189  -4.93526   -5.1246223 -5.190984
 -5.2064886 -5.2399263 -5.2443647 -5.2503176 -5.315117  -5.407669 ]"
['tree', 'stick', 'fruit', 'snake', 'horse', 'vegetable', 'plant', 'flower', 'banana', 'dog', 'potato', 'carrot', 'weed', 'chicken', 'pumpkin', 'drug', 'salad', 'baby', 'punishment', 'fish', 'cherry', 'cabbage', 'donkey', 'pig', 'lemon', 'sandwich', 'branch', 'penis', 'cake', 'problem']	"[-2.9247484 -2.9818573 -3.2426348 -3.2841969 -3.6705837 -3.7161388
 -3.804964  -3.820735  -3.9076777 -4.0444336 -4.305047  -4.345503
 -4.5637655 -4.706397  -4.7684    -4.822175  -4.870496  -4.8841715
 -4.8994436 -4.900092  -4.925189  -4.93526   -5.1246223 -5.190984
 -5.2064886 -5.2399263 -5.2443647 -5.2503176 -5.315117  -5.407669 ]"
['plant', 'vegetable', 'seed', 'fruit', 'flower', 'tree', 'weed', 'bean', 'grain', 'nut', 'potato', 'food', 'herb', 'leaf', 'peanut', 'pod', 'noun', 'vine', 'green', 'grass', 'crop', 'perennial', 'pumpkin', 'species', 'grape', 'bird', 'root', 'thing', 'bud', 'fungus']	"[-1.0429592 -1.9921322 -2.2517548 -3.0128088 -3.0615988 -3.5044003
 -3.633812  -4.0058384 -4.6765594 -4.6957006 -4.8728504 -4.8976793
 -5.107174  -5.209154  -5.2245226 -5.2372007 -5.2916813 -5.4522696
 -5.489068  -5.5448093 -5.598324  -5.706291  -5.875864  -5.9482803
 -5.9598846 -5.980088  -6.062209  -6.0682592 -6.0860806 -6.105728 ]"
['plant', 'vegetable', 'seed', 'fruit', 'flower', 'tree', 'weed', 'bean', 'grain', 'nut', 'potato', 'food', 'herb', 'leaf', 'peanut', 'pod', 'noun', 'vine', 'green', 'grass', 'crop', 'perennial', 'pumpkin', 'species', 'grape', 'bird', 'root', 'thing', 'bud', 'fungus']	"[-1.0429592 -1.9921322 -2.2517548 -3.0128088 -3.0615988 -3.5044003
 -3.633812  -4.0058384 -4.6765594 -4.6957006 -4.8728504 -4.8976793
 -5.107174  -5.209154  -5.2245226 -5.2372007 -5.2916813 -5.4522696
 -5.489068  -5.5448093 -5.598324  -5.706291  -5.875864  -5.9482803
 -5.9598846 -5.980088  -6.062209  -6.0682592 -6.0860806 -6.105728 ]"
['plant', 'flower', 'vegetable', 'potato', 'tree', 'weed', 'seed', 'peanut', 'bean', 'fruit', 'person', 'banana', 'nut', 'bird', 'tomato', 'grape', 'verb', 'pumpkin', 'noun', 'word', 'snake', 'thing', 'bug', 'pear', 'rose', 'cherry', 'leaf', 'pot', 'baby', 'pod']	"[-2.37599   -2.9097986 -3.1417284 -3.2354116 -3.2910566 -3.4990044
 -3.5774937 -3.6279078 -3.7287884 -3.827053  -3.9302692 -3.9644804
 -4.2864532 -4.3227444 -4.368188  -4.5921974 -4.6364775 -4.717888
 -4.809515  -4.8420353 -4.956253  -5.111643  -5.1489058 -5.1860647
 -5.26355   -5.4058847 -5.474266  -5.5077057 -5.517543  -5.522484 ]"
['plant', 'flower', 'vegetable', 'potato', 'tree', 'weed', 'seed', 'peanut', 'bean', 'fruit', 'person', 'banana', 'nut', 'bird', 'tomato', 'grape', 'verb', 'pumpkin', 'noun', 'word', 'snake', 'thing', 'bug', 'pear', 'rose', 'cherry', 'leaf', 'pot', 'baby', 'pod']	"[-2.37599   -2.9097986 -3.1417284 -3.2354116 -3.2910566 -3.4990044
 -3.5774937 -3.6279078 -3.7287884 -3.827053  -3.9302692 -3.9644804
 -4.2864532 -4.3227444 -4.368188  -4.5921974 -4.6364775 -4.717888
 -4.809515  -4.8420353 -4.956253  -5.111643  -5.1489058 -5.1860647
 -5.26355   -5.4058847 -5.474266  -5.5077057 -5.517543  -5.522484 ]"
['tool', 'hammer', 'weapon', 'device', 'machine', 'thing', 'club', 'symbol', 'nail', 'gift', 'noun', 'sword', 'man', 'stick', 'rock', 'knife', 'metaphor', 'product', 'good', 'stone', 'toy', 'force', 'key', 'gun', 'verb', 'person', 'lever', 'word', 'hook', 'god']	"[-0.651083  -2.5928879 -2.735633  -3.9898872 -4.628113  -4.751648
 -4.895502  -5.0292854 -5.0589314 -5.275049  -5.382123  -5.5698624
 -5.5718956 -5.5801983 -5.6430044 -5.6732445 -5.7372684 -5.759033
 -5.8505526 -5.9163694 -5.9220114 -6.146158  -6.1599455 -6.221307
 -6.227353  -6.3830585 -6.4161577 -6.422537  -6.4763594 -6.5167837]"
['instrument', 'object', 'implement', 'appliance', 'axe', 'item', 'artifact', 'amplifier', 'invention', 'iron', 'icon', 'explosive', 'example', 'animal', 'arrow', 'tool', 'element', 'article', 'apple', 'engine', 'entity', 'elephant', 'insect', 'accessory', 'hammer', 'application', 'idol', 'ax', 'ornament', 'event']	"[-1.5070114 -1.9208775 -2.2911987 -3.236002  -3.3681288 -3.7492142
 -3.832677  -4.477968  -4.513791  -4.581723  -4.641905  -4.65213
 -4.672205  -4.707986  -4.7624235 -4.999797  -5.041527  -5.0487976
 -5.1423635 -5.205083  -5.3110275 -5.3611584 -5.3671074 -5.3978863
 -5.410656  -5.463195  -5.518196  -5.5227213 -5.5602865 -5.578293 ]"
['instrument', 'axe', 'apple', 'implement', 'elephant', 'object', 'argument', 'idiot', 'umbrella', 'engine', 'arrow', 'egg', 'appliance', 'animal', 'amplifier', 'equal', 'end', 'island', 'anchor', 'idea', 'engineer', 'ax', 'expert', 'eye', 'angel', 'airplane', 'option', 'ox', 'ornament', 'organ']	"[-2.0119686 -2.8386307 -3.1796227 -3.2741203 -3.3471603 -3.382904
 -3.8290024 -3.8673325 -3.8907127 -3.9699879 -3.9734821 -4.0741577
 -4.1512766 -4.199847  -4.2505484 -4.479746  -4.5391407 -4.7207766
 -4.7345304 -4.766514  -4.7732735 -4.8535995 -4.8547783 -4.859314
 -4.8880186 -4.951148  -4.9872265 -5.0063944 -5.028077  -5.0413094]"
['tool', 'weapon', 'nail', 'club', 'hammer', 'gun', 'man', 'machine', 'woman', 'sword', 'spoon', 'gift', 'metaphor', 'nut', 'cross', 'person', 'stick', 'toy', 'friend', 'knife', 'god', 'vice', 'car', 'bomb', 'servant', 'staff', 'crime', 'thief', 'thing', 'shield']	"[-1.4077187 -2.4272346 -2.4655437 -3.3735476 -3.60783   -4.1415377
 -4.239336  -4.5230846 -4.5249596 -4.726222  -5.00416   -5.24238
 -5.2498913 -5.2698965 -5.36261   -5.366727  -5.3953133 -5.4063463
 -5.4115086 -5.472163  -5.497162  -5.537324  -5.5735273 -5.5772676
 -5.6605597 -5.6642313 -5.7196245 -5.7466764 -5.767577  -5.866126 ]"
['saw', 'tool', 'machine', 'weapon', 'sword', 'knife', 'blade', 'tree', 'verb', 'hammer', 'gift', 'thing', 'device', 'key', 'necessity', 'beast', 'horse', 'word', 'toy', 'symbol', 'good', 'mirror', 'snake', 'razor', 'gun', 'wheel', 'skill', 'nut', 'fork', 'business']	"[-1.4462194 -2.946189  -3.3191833 -3.3982782 -3.6690588 -3.9021025
 -3.9214067 -4.235179  -4.5077887 -4.595188  -4.710597  -4.8597527
 -5.0910797 -5.1518345 -5.3488398 -5.444543  -5.4813128 -5.608776
 -5.6404953 -5.690714  -5.721797  -5.7263575 -5.7591715 -5.8052692
 -5.8167324 -5.826291  -5.8780727 -5.8830643 -5.8905697 -5.9309206]"
['saw', 'tool', 'machine', 'weapon', 'sword', 'knife', 'blade', 'tree', 'verb', 'hammer', 'gift', 'thing', 'device', 'key', 'necessity', 'beast', 'horse', 'word', 'toy', 'symbol', 'good', 'mirror', 'snake', 'razor', 'gun', 'wheel', 'skill', 'nut', 'fork', 'business']	"[-1.4462194 -2.946189  -3.3191833 -3.3982782 -3.6690588 -3.9021025
 -3.9214067 -4.235179  -4.5077887 -4.595188  -4.710597  -4.8597527
 -5.0910797 -5.1518345 -5.3488398 -5.444543  -5.4813128 -5.608776
 -5.6404953 -5.690714  -5.721797  -5.7263575 -5.7591715 -5.8052692
 -5.8167324 -5.826291  -5.8780727 -5.8830643 -5.8905697 -5.9309206]"
['sword', 'hammer', 'weapon', 'tree', 'knife', 'saw', 'machine', 'tool', 'gun', 'blade', 'horse', 'verb', 'nail', 'fork', 'shovel', 'nut', 'razor', 'computer', 'gift', 'shotgun', 'toy', 'bomb', 'cutter', 'stick', 'spoon', 'word', 'club', 'mirror', 'cross', 'key']	"[-2.7186794 -2.8604736 -2.9290152 -3.3285847 -3.3660107 -3.4413824
 -3.722188  -3.9111528 -4.140686  -4.378189  -4.512374  -4.517626
 -4.5395775 -4.5624123 -4.7739925 -4.7955303 -4.8399773 -5.007535
 -5.122573  -5.1568813 -5.1685133 -5.1844826 -5.194311  -5.214983
 -5.238451  -5.265706  -5.3001385 -5.3314705 -5.3372097 -5.4529696]"
['sword', 'hammer', 'weapon', 'tree', 'knife', 'saw', 'machine', 'tool', 'gun', 'blade', 'horse', 'verb', 'nail', 'fork', 'shovel', 'nut', 'razor', 'computer', 'gift', 'shotgun', 'toy', 'bomb', 'cutter', 'stick', 'spoon', 'word', 'club', 'mirror', 'cross', 'key']	"[-2.7186794 -2.8604736 -2.9290152 -3.3285847 -3.3660107 -3.4413824
 -3.722188  -3.9111528 -4.140686  -4.378189  -4.512374  -4.517626
 -4.5395775 -4.5624123 -4.7739925 -4.7955303 -4.8399773 -5.007535
 -5.122573  -5.1568813 -5.1685133 -5.1844826 -5.194311  -5.214983
 -5.238451  -5.265706  -5.3001385 -5.3314705 -5.3372097 -5.4529696]"
['vehicle', 'machine', 'car', 'motorcycle', 'thing', 'truck', 'bicycle', 'motor', 'boat', 'bike', 'beast', 'toy', 'train', 'person', 'bus', 'horse', 'transport', 'noun', 'box', 'product', 'vessel', 'robot', 'tool', 'ride', 'symbol', 'transportation', 'device', 'metaphor', 'taxi', 'bird']	"[-1.4331684 -2.0433397 -2.2493029 -3.9275389 -3.9625893 -4.335376
 -4.352295  -4.5157604 -4.747798  -4.7863407 -4.791483  -4.8085365
 -4.809393  -4.8162947 -4.9056625 -4.9946833 -5.011862  -5.081682
 -5.084873  -5.137306  -5.1893024 -5.2949343 -5.2966337 -5.341091
 -5.453017  -5.493597  -5.568473  -5.6968117 -5.698842  -5.704342 ]"
['vehicle', 'machine', 'car', 'motorcycle', 'thing', 'truck', 'bicycle', 'motor', 'boat', 'bike', 'beast', 'toy', 'train', 'person', 'bus', 'horse', 'transport', 'noun', 'box', 'product', 'vessel', 'robot', 'tool', 'ride', 'symbol', 'transportation', 'device', 'metaphor', 'taxi', 'bird']	"[-1.4331684 -2.0433397 -2.2493029 -3.9275389 -3.9625893 -4.335376
 -4.352295  -4.5157604 -4.747798  -4.7863407 -4.791483  -4.8085365
 -4.809393  -4.8162947 -4.9056625 -4.9946833 -5.011862  -5.081682
 -5.084873  -5.137306  -5.1893024 -5.2949343 -5.2966337 -5.341091
 -5.453017  -5.493597  -5.568473  -5.6968117 -5.698842  -5.704342 ]"
['person', 'horse', 'house', 'car', 'boat', 'machine', 'vehicle', 'bicycle', 'motorcycle', 'bike', 'truck', 'bird', 'dog', 'thing', 'tree', 'home', 'woman', 'computer', 'pet', 'toy', 'plane', 'train', 'ship', 'child', 'donkey', 'man', 'bus', 'building', 'business', 'human']	"[-3.054636  -3.3015165 -3.3567505 -3.4654675 -3.5432072 -3.9282455
 -4.0438747 -4.0620594 -4.0820656 -4.1874094 -4.280792  -4.3180523
 -4.4180555 -4.41889   -4.4773855 -4.5524645 -4.5597124 -4.567168
 -4.7459545 -4.8044014 -4.9017315 -4.9024076 -4.9419775 -4.9866657
 -4.98967   -4.9901266 -5.0683155 -5.1635942 -5.183544  -5.227848 ]"
['person', 'horse', 'house', 'car', 'boat', 'machine', 'vehicle', 'bicycle', 'motorcycle', 'bike', 'truck', 'bird', 'dog', 'thing', 'tree', 'home', 'woman', 'computer', 'pet', 'toy', 'plane', 'train', 'ship', 'child', 'donkey', 'man', 'bus', 'building', 'business', 'human']	"[-3.054636  -3.3015165 -3.3567505 -3.4654675 -3.5432072 -3.9282455
 -4.0438747 -4.0620594 -4.0820656 -4.1874094 -4.280792  -4.3180523
 -4.4180555 -4.41889   -4.4773855 -4.5524645 -4.5597124 -4.567168
 -4.7459545 -4.8044014 -4.9017315 -4.9024076 -4.9419775 -4.9866657
 -4.98967   -4.9901266 -5.0683155 -5.1635942 -5.183544  -5.227848 ]"
['vehicle', 'car', 'truck', 'machine', 'bus', 'beast', 'tractor', 'motorcycle', 'transport', 'container', 'horse', 'business', 'ship', 'train', 'boat', 'transporter', 'thing', 'vessel', 'trailer', 'carrier', 'bicycle', 'motor', 'robot', 'donkey', 'tool', 'box', 'taxi', 'transportation', 'product', 'bike']	"[-1.2950249 -2.0987902 -2.3873682 -2.9988737 -4.134157  -4.2508564
 -4.344269  -4.415907  -4.444563  -4.8852034 -4.8910246 -4.9829273
 -5.0156193 -5.0371065 -5.0510674 -5.0669203 -5.089838  -5.094783
 -5.1825886 -5.2208176 -5.2302504 -5.282363  -5.3875046 -5.4112177
 -5.426444  -5.4315033 -5.4414206 -5.519065  -5.541585  -5.603076 ]"
['vehicle', 'car', 'truck', 'machine', 'bus', 'beast', 'tractor', 'motorcycle', 'transport', 'container', 'horse', 'business', 'ship', 'train', 'boat', 'transporter', 'thing', 'vessel', 'trailer', 'carrier', 'bicycle', 'motor', 'robot', 'donkey', 'tool', 'box', 'taxi', 'transportation', 'product', 'bike']	"[-1.2950249 -2.0987902 -2.3873682 -2.9988737 -4.134157  -4.2508564
 -4.344269  -4.415907  -4.444563  -4.8852034 -4.8910246 -4.9829273
 -5.0156193 -5.0371065 -5.0510674 -5.0669203 -5.089838  -5.094783
 -5.1825886 -5.2208176 -5.2302504 -5.282363  -5.3875046 -5.4112177
 -5.426444  -5.4315033 -5.4414206 -5.519065  -5.541585  -5.603076 ]"
['car', 'horse', 'vehicle', 'person', 'truck', 'boat', 'house', 'bus', 'ship', 'machine', 'bicycle', 'man', 'motorcycle', 'tractor', 'bike', 'woman', 'dog', 'tree', 'train', 'donkey', 'plane', 'bridge', 'child', 'weapon', 'building', 'business', 'taxi', 'home', 'thing', 'bird']	"[-1.7253952 -3.2128963 -3.220931  -3.4017801 -3.4393902 -3.815774
 -3.9811935 -4.4068317 -4.4591503 -4.4789534 -4.55972   -4.6079283
 -4.6170006 -4.633275  -4.6380615 -4.65833   -4.663539  -4.7377615
 -4.756833  -4.7669754 -4.896118  -5.140588  -5.153144  -5.1582327
 -5.170659  -5.189131  -5.2047844 -5.282547  -5.3335114 -5.353196 ]"
['car', 'horse', 'vehicle', 'person', 'truck', 'boat', 'house', 'bus', 'ship', 'machine', 'bicycle', 'man', 'motorcycle', 'tractor', 'bike', 'woman', 'dog', 'tree', 'train', 'donkey', 'plane', 'bridge', 'child', 'weapon', 'building', 'business', 'taxi', 'home', 'thing', 'bird']	"[-1.7253952 -3.2128963 -3.220931  -3.4017801 -3.4393902 -3.815774
 -3.9811935 -4.4068317 -4.4591503 -4.4789534 -4.55972   -4.6079283
 -4.6170006 -4.633275  -4.6380615 -4.65833   -4.663539  -4.7377615
 -4.756833  -4.7669754 -4.896118  -5.140588  -5.153144  -5.1582327
 -5.170659  -5.189131  -5.2047844 -5.282547  -5.3335114 -5.353196 ]"
['building', 'house', 'residence', 'hotel', 'place', 'business', 'home', 'restaurant', 'resort', 'structure', 'property', 'facility', 'castle', 'company', 'motel', 'dwelling', 'location', 'room', 'complex', 'shelter', 'landmark', 'palace', 'compound', 'venue', 'space', 'club', 'workplace', 'destination', 'city', 'service']	"[-1.8754778 -2.6483727 -2.7960005 -2.887105  -3.1490717 -3.1527872
 -3.2040472 -3.7346125 -4.000066  -4.009878  -4.0913544 -4.192892
 -4.278927  -4.322873  -4.4292    -4.5116787 -4.7260485 -4.7409725
 -4.8593025 -4.9287596 -4.9418535 -4.9668407 -5.120163  -5.195404
 -5.365492  -5.4259806 -5.449416  -5.4917164 -5.50957   -5.546919 ]"
['building', 'house', 'residence', 'hotel', 'place', 'business', 'home', 'restaurant', 'resort', 'structure', 'property', 'facility', 'castle', 'company', 'motel', 'dwelling', 'location', 'room', 'complex', 'shelter', 'landmark', 'palace', 'compound', 'venue', 'space', 'club', 'workplace', 'destination', 'city', 'service']	"[-1.8754778 -2.6483727 -2.7960005 -2.887105  -3.1490717 -3.1527872
 -3.2040472 -3.7346125 -4.000066  -4.009878  -4.0913544 -4.192892
 -4.278927  -4.322873  -4.4292    -4.5116787 -4.7260485 -4.7409725
 -4.8593025 -4.9287596 -4.9418535 -4.9668407 -5.120163  -5.195404
 -5.365492  -5.4259806 -5.449416  -5.4917164 -5.50957   -5.546919 ]"
['house', 'restaurant', 'home', 'church', 'residence', 'castle', 'hotel', 'business', 'building', 'prison', 'casino', 'bar', 'school', 'car', 'club', 'motel', 'hospital', 'city', 'corporation', 'company', 'place', 'palace', 'room', 'resort', 'museum', 'farm', 'village', 'dwelling', 'vehicle', 'bank']	"[-2.7608843 -2.9069386 -2.9730825 -3.3590126 -3.3651505 -3.410347
 -3.4180517 -3.5822487 -3.6516447 -3.8333464 -4.0951853 -4.2921124
 -4.3890133 -4.4457655 -4.460622  -4.474308  -4.63902   -4.6803293
 -4.694298  -4.752014  -4.78271   -4.8275414 -5.077751  -5.084875
 -5.1697598 -5.2832365 -5.2926073 -5.311186  -5.3824997 -5.407112 ]"
['house', 'restaurant', 'home', 'church', 'residence', 'castle', 'hotel', 'business', 'building', 'prison', 'casino', 'bar', 'school', 'car', 'club', 'motel', 'hospital', 'city', 'corporation', 'company', 'place', 'palace', 'room', 'resort', 'museum', 'farm', 'village', 'dwelling', 'vehicle', 'bank']	"[-2.7608843 -2.9069386 -2.9730825 -3.3590126 -3.3651505 -3.410347
 -3.4180517 -3.5822487 -3.6516447 -3.8333464 -4.0951853 -4.2921124
 -4.3890133 -4.4457655 -4.460622  -4.474308  -4.63902   -4.6803293
 -4.694298  -4.752014  -4.78271   -4.8275414 -5.077751  -5.084875
 -5.1697598 -5.2832365 -5.2926073 -5.311186  -5.3824997 -5.407112 ]"
['building', 'home', 'house', 'place', 'structure', 'thing', 'castle', 'shelter', 'tree', 'dwelling', 'mansion', 'palace', 'nest', 'metaphor', 'residence', 'machine', 'room', 'person', 'plant', 'fortress', 'city', 'sanctuary', 'shell', 'beast', 'family', 'box', 'complex', 'compound', 'prison', 'refuge']	"[-1.8332977 -1.8378258 -2.2072172 -3.6828794 -3.700737  -3.9914722
 -4.0163984 -4.328104  -4.5521917 -4.7004957 -4.7507563 -4.7560863
 -4.878255  -4.8914948 -4.8955603 -5.001464  -5.004505  -5.2569866
 -5.3088818 -5.37582   -5.498332  -5.5312757 -5.5438366 -5.5571766
 -5.599334  -5.6531715 -5.682644  -5.6879196 -5.727171  -5.7492037]"
['building', 'home', 'house', 'place', 'structure', 'thing', 'castle', 'shelter', 'tree', 'dwelling', 'mansion', 'palace', 'nest', 'metaphor', 'residence', 'machine', 'room', 'person', 'plant', 'fortress', 'city', 'sanctuary', 'shell', 'beast', 'family', 'box', 'complex', 'compound', 'prison', 'refuge']	"[-1.8332977 -1.8378258 -2.2072172 -3.6828794 -3.700737  -3.9914722
 -4.0163984 -4.328104  -4.5521917 -4.7004957 -4.7507563 -4.7560863
 -4.878255  -4.8914948 -4.8955603 -5.001464  -5.004505  -5.2569866
 -5.3088818 -5.37582   -5.498332  -5.5312757 -5.5438366 -5.5571766
 -5.599334  -5.6531715 -5.682644  -5.6879196 -5.727171  -5.7492037]"
['home', 'building', 'house', 'castle', 'tree', 'prison', 'car', 'person', 'church', 'mansion', 'hotel', 'palace', 'place', 'thing', 'dwelling', 'temple', 'room', 'nest', 'residence', 'fortress', 'city', 'boat', 'man', 'school', 'dog', 'woman', 'machine', 'village', 'barn', 'factory']	"[-2.0444145 -2.532957  -2.5576591 -2.652975  -3.5839787 -3.9679422
 -3.9693909 -4.027483  -4.3007727 -4.3141537 -4.36736   -4.3865595
 -4.6315165 -4.697645  -4.804598  -4.9290924 -4.952902  -5.0035458
 -5.021511  -5.0743723 -5.0783777 -5.0843334 -5.18318   -5.187092
 -5.196354  -5.3024693 -5.3121424 -5.312729  -5.3270607 -5.371643 ]"
['home', 'building', 'house', 'castle', 'tree', 'prison', 'car', 'person', 'church', 'mansion', 'hotel', 'palace', 'place', 'thing', 'dwelling', 'temple', 'room', 'nest', 'residence', 'fortress', 'city', 'boat', 'man', 'school', 'dog', 'woman', 'machine', 'village', 'barn', 'factory']	"[-2.0444145 -2.532957  -2.5576591 -2.652975  -3.5839787 -3.9679422
 -3.9693909 -4.027483  -4.3007727 -4.3141537 -4.36736   -4.3865595
 -4.6315165 -4.697645  -4.804598  -4.9290924 -4.952902  -5.0035458
 -5.021511  -5.0743723 -5.0783777 -5.0843334 -5.18318   -5.187092
 -5.196354  -5.3024693 -5.3121424 -5.312729  -5.3270607 -5.371643 ]"
